Transition
iiii d2b1 0 0 d2c1 0 0 d2a1 0 0 e2b1 0 0 e2c1 0 0 e2a1 0 0
0 iiii e2c1 e2a1 0 0 0 0 0 0 0 0 0 0 e2c1 0 0 e2a1 0
0 0 iiii 0 0 0 0 0 0 0 0 0 0 0 iiii 0 0 0 0
0 0 0 iiii 0 0 0 0 0 0 0 0 0 0 0 0 0 iiii 0
0 0 0 0 iiii e2b1 e2a1 0 0 0 0 e2b1 0 0 0 0 0 0 e2a1
0 0 0 0 0 iiii 0 0 0 0 0 iiii 0 0 0 0 0 0 0
0 0 0 0 0 0 iiii 0 0 0 0 0 0 0 0 0 0 0 iiii
0 0 0 0 0 0 0 iiii e2b1 e2c1 0 0 e2b1 0 0 e2c1 0 0 0
0 0 0 0 0 0 0 0 iiii 0 0 0 iiii 0 0 0 0 0 0
0 0 0 0 0 0 0 0 0 iiii 0 0 0 0 0 iiii 0 0 0
0 0 0 0 0 d2c1 0 0 d2a1 0 iiii d2c1 d2a1 0 0 0 0 0 0
0 0 0 0 0 iiii 0 0 0 0 0 iiii 0 0 0 0 0 0 0
0 0 0 0 0 0 0 0 iiii 0 0 0 iiii 0 0 0 0 0 0
0 0 d2b1 0 0 0 0 0 0 d2a1 0 0 0 iiii d2b1 d2a1 0 0 0
0 0 iiii 0 0 0 0 0 0 0 0 0 0 0 iiii 0 0 0 0
0 0 0 0 0 0 0 0 0 iiii 0 0 0 0 0 iiii 0 0 0
0 0 0 d2b1 0 0 d2c1 0 0 0 0 0 0 0 0 0 iiii d2b1 d2c1
0 0 0 iiii 0 0 0 0 0 0 0 0 0 0 0 0 0 iiii 0
0 0 0 0 0 0 iiii 0 0 0 0 0 0 0 0 0 0 0 iiii
Name_State
s0 s1 s2 s3 s4 s5 s6 s7 s8 s9 s10 s11 s12 s13 s14 s15 s16 s17 s18
Initial_State
s0
Costs_for_actions_split
iiii s0$1,1;s1$1,1;s2$1,1;s3$1,1;s4$1,1;s5$1,1;s6$1,1;s7$1,1;s8$1,1;s9$1,1;s10$1,1;s11$1,1;s12$1,1;s13$1,1;s14$1,1;s15$1,1;s16$1,1;s17$1,1;s18$1,1
d2b1 s0$1,1;s13$1,1;s16$1,1
d2c1 s0$1,1;s10$1,1;s16$1,1
d2a1 s0$1,1;s10$1,1;s13$1,1
e2b1 s0$1,1;s4$1,1;s7$1,1
e2c1 s0$1,1;s1$1,1;s7$1,1
e2a1 s0$1,1;s1$1,1;s4$1,1
Atomic_propositions
b1 b2 c1 c2 d1 d2 a1 a2 e1 e2
Labelling
0 0 0 0 0 0 0 0 0 0 
1 0 0 0 0 1 0 0 0 0 
1 0 1 0 0 1 0 0 0 1 
1 0 0 0 0 1 1 0 0 1 
0 0 1 0 0 1 0 0 0 0 
1 0 1 0 0 1 0 0 0 1 
0 0 1 0 0 1 1 0 0 1 
0 0 0 0 0 1 1 0 0 0 
1 0 0 0 0 1 1 0 0 1 
0 0 1 0 0 1 1 0 0 1 
1 0 0 0 0 0 0 0 0 1 
1 0 1 0 0 1 0 0 0 1 
1 0 0 0 0 1 1 0 0 1 
0 0 1 0 0 0 0 0 0 1 
1 0 1 0 0 1 0 0 0 1 
0 0 1 0 0 1 1 0 0 1 
0 0 0 0 0 0 1 0 0 1 
1 0 0 0 0 1 1 0 0 1 
0 0 1 0 0 1 1 0 0 1 
Number_of_agents
2